0.0 0.0 -3.9966814979239986 1.996681497923995 2.0099999999999993
0.041887902047863905 0.0 -3.996243353904653 1.99668198695496 2.0095613669496912
0.08377580409572781 0.0 -3.994929114460085 1.9966834542623662 2.008245660197717
0.1256637061435917 0.0 -3.9927393573464065 1.9966859004898618 2.0060534568565442
0.16755160819145562 0.0 -3.9896750452095042 1.996689326710495 2.0029857184990094
0.20943951023931953 0.0 -3.985737525163731 1.9966937344271838 1.9990437907365481
0.2513274122871834 0.0 -3.9809285282023184 1.994229402628955 1.9966991255733633
0.2932153143350474 0.0 -3.9752501684397887 1.9885446659259767 1.9967055025138147
0.33510321638291124 0.0 -3.968704942186684 1.9819920741410109 1.9967128680456732
0.37699111843077515 0.0 -3.9612957268569953 1.9745745014573755 1.9967212253996196
0.41887902047863906 0.0 -3.953025779708843 1.9662952014676116 1.9967305782412335
0.460766922526503 0.0 -3.9438987364188467 1.9571578057463208 1.996740930672528
0.5026548245743668 0.0 -3.933918609490903 1.9471663222572626 1.9967522872336418
0.5445427266222308 0.0 -3.923089786500016 1.9363251335953182 1.9967646529046992
0.5864306286700948 0.0 -3.911417028171958 1.9246389950641358 1.9967780331078195
0.6283185307179585 0.0 -3.8989054662995786 1.9121130325903062 1.9967924337092702
0.6702064327658225 0.0 -3.885560601496736 1.8987527404749607 1.9968078610217732
0.7120943348136864 0.0 -3.871388300790712 1.884563978983782 1.996824321806935
0.7539822368615503 0.0 -3.856394795054302 1.8695529717765056 1.996841823277798
0.7958701389094142 0.0 -3.8405866762785106 1.8537263031769993 1.9968603731015169
0.8377580409572781 0.0 -3.8239708946873265 1.837090915285201 1.996879979402124
0.879645943005142 0.0 -3.806554755695438 1.8196541049320396 1.9969006507634037
0.921533845053006 0.0 -3.788345916710651 1.8014235204788251 1.9969223962318219
0.9634217471008698 0.0 -3.7693523837819725 1.7824071584624286 1.9969452253195403
1.0053096491487337 0.0 -3.7495825080951954 1.7626133600877254 1.9969691480074692
1.0471975511965976 0.0 -3.7290449823172285 1.7420508075688763 1.99699417474835
1.0890854532444616 0.0 -3.707748836790865 1.7207285203210128 1.9970203164698508
1.1309733552923256 0.0 -3.685703435581691 1.6986558510040306 1.9970475845776636
1.1728612573401895 0.0 -3.6629184723787542 1.6758424814201993 1.9970759909585547
1.2147491593880533 0.0 -3.6394039662507853 1.6522984182674074 1.9971055479833757
1.256637061435917 0.0 -3.6151702572598827 1.6280339887498962 1.9971362685099872
1.298524963483781 0.0 -3.590228001934471 1.6030598360483943 1.9971681658860772
1.340412865531645 0.0 -3.5645881686035215 1.5773869146516808 1.99720125395184
1.382300767579509 0.0 -3.5382620325940577 1.5510264855515767 1.9972355470424825
1.424188669627373 0.0 -3.5112611712940307 1.5239901113035133 1.9972710599905203
1.4660765716752366 0.0 -3.483597459082631 1.4962896509547887 1.9973078081278377
1.5079644737231006 0.0 -3.455283062130268 1.467937254842822 1.997345807287446
1.5498523757709646 0.0 -3.4263304330705155 1.4389453592656067 1.9973850738049086
1.5917402778188283 0.0 -3.3967523055461326 1.4093266810267302 1.9974256245194004
1.6336281798666923 0.0 -3.366561688631686 1.379094211857378 1.997467476774307
1.6755160819145563 0.0 -3.3357718611350666 1.348261212717716 1.9975106484173493
1.71740398396242 0.0 -3.304396365780362 1.3168412079802128 1.997555157800148
1.759291886010284 0.0 -3.272449003274545 1.2848479794973784 1.9976010237771633
1.801179788058148 0.0 -3.239943826260574 1.2522955605566206 1.9976482657039552
1.843067690106012 0.0 -3.206895133159416 1.2191982297247492 1.9976969034346639
1.8849555921538759 0.0 -3.1733174619035927 1.1855705045849467 1.9977469573186484
1.9268434942017396 0.0 -3.139225583565052 1.1514271353688625 1.9977984481961897
1.9687313962496034 0.0 -3.10463449587984 1.116783098486688 1.9978513973931493
2.0106192982974673 0.0 -3.0695594166725066 1.0816535899579938 1.9979058267145138
2.0525072003453313 0.0 -3.0340157771829404 1.0460540187462601 1.9979617584366798
2.0943951023931953 0.0 -2.9980192152983958 1.01 1.9980192152983933
2.1362830044410592 0.0 -2.961585568693633 0.973507348203431 1.9980782204902001
2.178170906488923 0.0 -2.9247308678820114 0.9365920702397237 1.998138797642289
2.220058808536787 0.0 -2.887471329180425 0.8992703583698554 1.9982009708105701
2.261946710584651 0.0 -2.849823347591007 0.8615585831301443 1.9982647644608578
2.303834612632515 0.0 -2.8118034896025765 0.8234732861516004 1.9983302034509771
2.345722514680379 0.0 -2.7734284859148426 0.7850311729042058 1.9983973130106343
2.3876104167282426 0.0 -2.734715224088231 0.7462491053693558 1.9984661187188733
2.4294983187761066 0.0 -2.695680741122541 0.7071440946436306 1.9985366464789096
2.47138622082397 0.0 -2.6563422159673196 0.6677332934771674 1.9986089224901558
2.513274122871834 0.0 -2.6167169619670965 0.6280339887498947 1.9986829732172038
2.555162024919698 0.0 -2.576822419244499 0.5880635938889438 1.9987588253555557
2.597049926967562 0.0 -2.5366761470243695 0.5478396412305323 1.998836505793836
2.638937829015426 0.0 -2.49629581590196 0.5073797743297098 1.9989160415722516
2.68082573106329 0.0 -2.4556992000583344 0.46670174022131167 1.9989974598370204
2.722713633111154 0.0 -2.414904169426007 0.42582338163551847 1.9990807877904897
2.764601535159018 0.0 -2.3739286818080902 0.384762629171449 1.999166052636641
2.806489437206882 0.0 -2.3327907749538896 0.34353749343220485 1.9992532815216872
2.848377339254746 0.0 -2.2915085585942427 0.30216605712482325 1.9993425014694195
2.8902652413026093 0.0 -2.2501002064395905 0.2606664671286088 1.9994337393109842
2.9321531433504733 0.0 -2.208583948144029 0.21905692653530778 1.9995270216087218
2.9740410453983372 0.0 -2.16697806123836 0.17735568666463106 1.9996223745737274
3.015928947446201 0.0 -2.125300863035358 0.13558103905862684 1.9997198239767329
3.057816849494065 0.0 -2.083570702510351 0.0937513074583994 1.9998193950519503
3.099704751541929 0.0 -2.0418059521601744 0.05188483976671413 1.999921112393459
3.141592653589793 0.0 -2.0000249998437525 0.009999999999999796 2.000024999843752
3.1834805556376566 0.0 -1.9582462406073027 -0.0318848397667135 2.000131080374015
3.2253684576855206 0.0 -1.9164880684973522 -0.07375130745839892 2.000239375955749
3.2672563597333846 0.0 -1.8747688683646666 -0.11558103905862666 2.000349907423293
3.3091442617812485 0.0 -1.8331070076622173 -0.15735568666463082 2.000462694326848
3.3510321638291125 0.0 -1.7915208282403066 -0.19905692653530682 2.000577754775613
3.3929200658769765 0.0 -1.7500286381419954 -0.24066646712860834 2.0006951052706055
3.43480796792484 0.0 -1.7086487034019635 -0.2821660571248225 2.0008147605267856
3.476695869972704 0.0 -1.6673992398519695 -0.3235374934322039 2.000936733284174
3.518583772020568 0.0 -1.6262984049360802 -0.36476262917144864 2.001061034107529
3.560471674068432 0.0 -1.5853642895388667 -0.405823381635518 2.001187671174387
3.602359576116296 0.0 -1.5446149098298043 -0.4467017402213112 2.0013166500511153
3.64424747816416 0.0 -1.5040681991271316 -0.48737977432970914 2.0014479734568433
3.686135380212024 0.0 -1.4637419997844885 -0.5278396412305307 2.00158164101502
3.7280232822598878 0.0 -1.4236540551036947 -0.5680635938889432 2.0017176489926376
3.7699111843077517 0.0 -1.383822001277101 -0.6080339887498952 2.0018559900269954
3.8117990863556157 0.0 -1.3442633593630107 -0.6477332934771666 2.0019966528401767
3.8536869884034792 0.0 -1.3049955272977705 -0.6871440946436297 2.0021396219414003
3.895574890451343 0.0 -1.2660357719482136 -0.7262491053693559 2.0022848773175697
3.9374627924992067 0.0 -1.2274012212082637 -0.765031172904205 2.002432394112472
3.9793506945470707 0.0 -1.1891088561436225 -0.8034732861515992 2.0025821422952204
4.021238596594935 0.0 -1.1511755031886226 -0.8415585831301452 2.002734086318765
4.063126498642799 0.0 -1.1136178263994683 -0.8792703583698535 2.0028881847693207
4.105014400690663 0.0 -1.0764523197682792 -0.9165920702397237 2.0030443900080015
4.146902302738527 0.0 -1.039695299602522 -0.9535073482034302 2.0032026478059493
4.1887902047863905 0.0 -1.0033628969746466 -0.9899999999999995 2.003362896974647
4.178318229274424 0.018137993642342178 -1.0188628439729093 -0.9744596262282212 2.0033224702011316
4.167846253762458 0.036275987284684355 -1.0364882477442519 -0.9567935564742469 2.0032818042184974
4.157374278250493 0.05441398092702653 -1.0542145084971926 -0.9390263952396013 2.003240903736793
4.146902302738527 0.07255197456936871 -1.071887573454258 -0.9213122002643259 2.0031997737185856
4.13643032722656 0.0906899682117109 -1.089469607584944 -0.9036888118000009 2.003158419384943
4.125958351714594 0.10882796185405307 -1.1069458754839205 -0.8861709707375135 2.0031168462214346
4.115486376202628 0.12696595549639525 -1.1243087574832 -0.8687663025008023 2.0030750599840026
4.105014400690663 0.14510394913873742 -1.141553425960338 -0.8514796407445233 2.003033066704859
4.094542425178697 0.1632419427810796 -1.1586763366769437 -0.8343145360213413 2.002990872698282
4.084070449666731 0.1813799364234218 -1.175674606772645 -0.8172738777936718 2.0029484845663177
4.073598474154765 0.19951793006576396 -1.1925457258870724 -0.8003601833173304 2.0029059092044044
4.063126498642799 0.21765592370810613 -1.2092874094076667 -0.7835757443992166 2.002863153806878
4.052654523130833 0.23579391735044833 -1.2258975185059344 -0.7669227073664442 2.002820225872381
4.042182547618867 0.2539319109927905 -1.2423740140455357 -0.7504031191634923 2.0027771332090305
4.031710572106901 0.27206990463513264 -1.25871492876425 -0.7340189551753072 2.002733883939557
4.021238596594935 0.29020789827747484 -1.274918349833028 -0.7177721366731353 2.00269048650616
4.010766621082968 0.30834589191981704 -1.2909824075679324 -0.7016645421072875 2.0026469496752224
4.000294645571003 0.3264838855621592 -1.3069052679274964 -0.6856980146142425 2.002603282541739
3.989822670059037 0.3446218792045014 -1.3226851274145663 -0.66987436711905 2.0025594945336147
3.979350694547071 0.3627598728468436 -1.3383202095485844 -0.6541953858670094 2.002515595415594
3.968878719035105 0.3808978664891857 -1.3538087623891113 -0.6386628329038505 2.0024715952929615
3.958406743523139 0.3990358601315279 -1.369149056778433 -0.6232784478365178 2.0024275046149524
3.947934768011173 0.4171738537738701 -1.3843393850857064 -0.6080439490920859 2.002383334177792
3.9374627924992067 0.43531184741621226 -1.3993780603069876 -0.5929610348204498 2.0023390951274354
3.9269908169872414 0.45344984105855446 -1.4142634154217493 -0.578031383540152 2.0022947989619015
3.916518841475275 0.47158783470089666 -1.4289938029368487 -0.5632566545963721 2.002250457533219
3.9060468659633094 0.48972582834323886 -1.4435675945691606 -0.5486384884798089 2.0022060830489665
3.8955748904513436 0.507863821985581 -1.4579831810320307 -0.5341785070413307 2.002161688073361
3.8851029149393774 0.5260018156279231 -1.4722389719001256 -0.5198783136277308 2.0021172855278584
3.874630939427411 0.5441398092702653 -1.4863333955340847 -0.505739493157203 2.0020728886912877
3.864158963915445 0.5622778029126075 -1.5002648990510914 -0.4917636121483729 2.002028511199465
3.8536869884034792 0.5804157965549497 -1.5140319483309532 -0.4779522187132859 2.001984167044239
3.8432150128915135 0.5985537901972919 -1.5276330280497563 -0.46430684252224186 2.0019398705720013
3.8327430373795472 0.6166917838396341 -1.5410666417350423 -0.4508289947465183 2.0018956364815574
3.8222710618675815 0.6348297774819762 -1.554331311837812 -0.4375201679836504 2.001851479821463
3.8117990863556157 0.6529677711243184 -1.567425579817701 -0.4243818361689033 2.0018074159866055
3.8013271108436495 0.6711057647666606 -1.5803480062384356 -0.4114154544757871 2.0017634607142227
3.7908551353316833 0.6892437584090028 -1.593097170871317 -0.3986224592078706 2.0017196300791884
3.780383159819717 0.707381752051345 -1.605671672804902 -0.38600426768368207 2.0016759404885844
3.7699111843077513 0.7255197456936872 -1.618070130559418 -0.37356227811614034 2.001632408675559
3.7594392087957855 0.7436577393360293 -1.6302911822047583 -0.36129786948766657 2.001589051692425
3.74896723328382 0.7617957329783714 -1.6423334854810845 -0.3492124014219166 2.001545886903001
3.738495257771854 0.7799337266207137 -1.6541957179212448 -0.33730721405290154 2.001502931974149
3.7280232822598878 0.7980717202630558 -1.6658765769743922 -0.32558362789211986 2.001460204866511
3.717551306747922 0.8162097139053981 -1.677374780130241 -0.3140429436942232 2.0014177238244653
3.7070793312359562 0.8343477075477402 -1.6886890650435402 -0.3026864423216362 2.0013755073651756
3.69660735572399 0.8524857011900824 -1.6998181896583806 -0.2915153846085039 2.001333574266882
3.686135380212024 0.8706236948324245 -1.710760932332036 -0.28053101122425467 2.0012919435562893
3.6756634047000576 0.8887616884747668 -1.7215160919580659 -0.269734542537044 2.0012506344951095
3.665191429188092 0.9068996821171089 -1.7320824880884582 -0.25912717847729033 2.001209666565748
3.654719453676126 0.9250376757594511 -1.7424589610546326 -0.24871009840149558 2.001169059456129
3.64424747816416 0.9431756694017933 -1.7526443720871385 -0.2384844609565141 2.001128833043653
3.6337755026521936 0.9613136630441355 -1.7626376034338682 -0.22845140394440977 2.0010890073782774
3.623303527140228 0.9794516566864777 -1.772437558476755 -0.2186120441880313 2.001049602664783
3.612831551628262 0.9975896503288199 -1.782043161846747 -0.20896747739742097 2.0010106392441727
3.602359576116296 1.015727643971162 -1.7914533595370334 -0.1995187780371598 2.0009721375741925
3.59188760060433 1.033865637613504 -1.8006671190144108 -0.19026699919474643 2.000934118209161
3.5814156250923643 1.0520036312558463 -1.809683429328745 -0.18121317245009702 2.0008966017788414
3.570943649580398 1.0701416248981885 -1.8185013012204305 -0.17235830774625693 2.000859608966687
3.560471674068432 1.0882796185405306 -1.8271197672258117 -0.16370339326140074 2.0008231604872115
3.549999698556466 1.1064176121828728 -1.8355378817805252 -0.1552493952821996 2.0007872770627246
3.5395277230445004 1.124555605825215 -1.8437547213207106 -0.14699725807863823 2.0007519793993502
3.529055747532534 1.1426935994675573 -1.8517693843820116 -0.13894790378035285 2.000717288162363
3.5185837720205684 1.1608315931098994 -1.8595809916964121 -0.13110223225457032 2.0006832239509826
3.508111796508602 1.1789695867522416 -1.8671886862867892 -0.12346112098571917 2.000649807272509
3.4976398209966364 1.1971075803945839 -1.874591633559218 -0.1160254249567981 2.000617058516017
3.48716784548467 1.2152455740369261 -1.8817890213929485 -0.10879597653256946 2.00058499792552
3.4766958699727044 1.2333835676792682 -1.8887800602280822 -0.10177358534466538 2.0005536455727464
3.466223894460738 1.2515215613216102 -1.8955639831508675 -0.094959038178679 2.000523021329548
3.4557519189487724 1.2696595549639524 -1.9021400459766507 -0.0883530988633287 2.00049314483998
3.445279943436806 1.2877975486062947 -1.9085075273304146 -0.08195650816177202 2.000464035492185
3.434807967924841 1.3059355422486367 -1.9146657287249096 -0.07576998366515725 2.0004357123900682
3.4243359924128747 1.324073535890979 -1.9206139746363706 -0.06979421968849533 2.000408194324865
3.4138640169009085 1.3422115295333212 -1.9263516125777735 -0.06402988716894055 2.0003814997467124
3.4033920413889422 1.3603495231756635 -1.9318780131696356 -0.058477633566566 2.000355646736203
3.392920065876976 1.3784875168180055 -1.9371925702083588 -0.05313808276772185 2.000330652976082
3.3824480903650107 1.3966255104603478 -1.9422947007320677 -0.04801183499106765 2.0003065357231375
3.3719761148530445 1.41476350410269 -1.9471838450839642 -0.04309946669636582 2.0002833117803336
3.3615041393410787 1.432901497745032 -1.9518594669731688 -0.038401530496129266 2.000260997469299
3.3510321638291125 1.4510394913873743 -1.9563210535330409 -0.03391855507020809 2.000239608603251
3.3405601883171467 1.4691774850297166 -1.9605681153769767 -0.029651045083411157 2.0002191604603863
3.3300882128051805 1.4873154786720586 -1.964600186651661 -0.02559948110624611 2.0001996677579044
3.3196162372932148 1.5054534723144006 -1.9684168250877818 -0.021764319538869308 2.000181144626652
3.3091442617812485 1.5235914659567429 -1.9720176120481776 -0.018145992538329336 2.0001636045865077
3.2986722862692828 1.5417294595990851 -1.975402152573436 -0.014744907949193422 2.000147060522629
3.2882003107573166 1.5598674532414274 -1.9785700754249143 -0.011561449237634842 2.000131524662548
3.277728335245351 1.5780054468837694 -1.9815210331251856 -0.008595975429065868 2.0001170085542546
3.2672563597333846 1.5961434405261117 -1.984254701995901 -0.0058488210493921645 2.0001035230452926
3.256784384221419 1.614281434168454 -1.9867707821930722 -0.003320296069965228 2.0000910782630354
3.2463124087094526 1.6324194278107962 -1.9890689977397544 -0.0010106858563023464 2.0000796835960553
3.2358404331974873 1.6505574214531382 -1.9911490965561285 0.0010797488793559927 2.0000693476767717
3.225368457685521 1.6686954150954805 -1.993010850486988 0.0029507721215890513 2.0000600783653986
3.214896482173555 1.6868334087378227 -1.9946540553266223 0.004602172591378665 2.000051882735243
3.204424506661589 1.7049714023801648 -1.9960785308410747 0.006033763781678104 2.000044767059399
3.1939525311496233 1.7231093960225068 -1.9972841207878236 0.0072453839889171975 2.0000387367989063
3.183480555637657 1.741247389664849 -1.9982706929327854 0.008236896340398472 2.0000337965923864
3.1730085801256913 1.7593853833071913 -1.9990381390647718 0.009008188817546036 2.0000299502472254
3.162536604613725 1.7775233769495336 -1.999586375007279 0.009559174274973702 2.000027200732305
3.1520646291017593 1.7956613705918756 -1.9999153406276722 0.009889790455344476 2.00002555017233
3.141592653589793 1.8137993642342178 -2.0000249998437516 0.01 2.0000249998437516
3.1101767270538954 1.7956613705918756 -2.001006471674966 0.010981465630881449 2.0000250060440856
3.078760800517997 1.7775233769495336 -2.0039441933499074 0.013919168692483505 2.0000250246574236
3.0473448739820994 1.7593853833071913 -2.0088182781069563 0.018793222386127108 2.00002505572083
3.015928947446201 1.741247389664849 -2.0155962169078605 0.02557111761161311 2.000025099296251
2.9845130209103035 1.7231093960225068 -2.0242337864703552 0.03420863099957178 2.0000251554707824
2.9530970943744053 1.7049714023801648 -2.0346762355003674 0.0446510111433306 2.000025224357037
2.9216811678385075 1.6868334087378225 -2.0468596761515463 0.05683437005791337 2.0000253060936317
2.8902652413026098 1.6686954150954805 -2.0607126016467086 0.07068720080092877 2.000025400845781
2.858849314766712 1.6505574214531382 -2.076157452364471 0.08613194355846406 2.000025508806012
2.827433388230814 1.6324194278107962 -2.093112160281104 0.10308653008610005 2.000025630195006
2.796017461694916 1.614281434168454 -2.1114916136081905 0.12146584834561648 2.000025765262574
2.764601535159018 1.5961434405261117 -2.131208997732665 0.14118308344390856 2.000025914288758
2.73318560862312 1.5780054468837694 -2.1521769832648507 0.16215090567976578 2.0000260775850864
2.701769682087222 1.5598674532414274 -2.1743087456523518 0.18428249015636017 2.000026255495991
2.670353755551324 1.5417294595990851 -2.19751881244614 0.2074923640457582 2.0000264484003836
2.638937829015426 1.5235914659567429 -2.2217237434241475 0.23169708671072917 2.000026656713417
2.607521902479528 1.5054534723144006 -2.2468426553059824 0.2568157744175483 2.000026880888436
2.5761059759436304 1.4873154786720588 -2.272797606935668 0.28277048551652295 2.0000271214191434
2.5446900494077327 1.4691774850297166 -2.2995138629387206 0.3094864840967254 2.000027378841996
2.5132741228718345 1.4510394913873743 -2.3269200544165445 0.3368924006776914 2.000027653738854
2.4818581963359367 1.432901497745032 -2.354948254659125 0.3649203079192376 2.0000279467398845
2.4504422698000385 1.41476350410269 -2.3835339865251455 0.3935057279983558 2.0000282585267906
2.419026343264141 1.3966255104603478 -2.4126161763733553 0.422587586536999 2.000028589836351
2.3876104167282426 1.3784875168180055 -2.4421370674738765 0.45210812600955097 2.0000289414643277
2.356194490192345 1.3603495231756635 -2.4720421038573077 0.48201278958753874 2.000029314269768
2.324778563656447 1.3422115295333212 -2.5022797936864856 0.5122500845067322 2.000029709179755
2.293362637120549 1.324073535890979 -2.532801559531241 0.5427714323366023 2.0000301271946372
2.261946710584651 1.3059355422486367 -2.563561581421972 0.5735310120281655 2.0000305693938056
2.230530784048753 1.2877975486062947 -2.5945166372652957 0.6044856003232195 2.000031036942081
2.199114857512855 1.2696595549639524 -2.6256259441164134 0.6355944130196621 2.00003153109675
2.167698930976957 1.2515215613216102 -2.6568510029037387 0.6668189496883681 2.000032053215367
2.1362830044410592 1.233383567679268 -2.6881554484707153 0.6981228437063147 2.0000326047644
2.104867077905161 1.215245574036926 -2.7195049062147385 0.7294717188859557 2.0000331873287878
2.0734511513692633 1.1971075803945836 -2.750866856142721 0.7608330535201352 2.0000338026225863
2.0420352248333655 1.1789695867522416 -2.782210504805274 0.7921760523045016 2.000034452500773
2.0106192982974678 1.1608315931098994 -2.8135066652993492 0.8234715263269651 2.0000351389723847
1.9792033717615696 1.1426935994675573 -2.8447276453252406 0.8546917811100533 2.0000358642151883
1.9477874452256718 1.124555605825215 -2.8758471431354375 0.8858105125434138 2.000036630592023
1.9163715186897738 1.1064176121828728 -2.9068401511077036 0.9168027104385991 2.0000374406691086
1.8849555921538759 1.0882796185405306 -2.9376828666036494 0.9476445693671427 2.000038297236513
1.8535396656179781 1.0701416248981888 -2.968352609729246 0.9783134063980926 2.000039203331153
1.8221237390820801 1.0520036312558465 -2.9988277475889156 1.0087875853262878 2.000040162262627
1.7907078125461822 1.0338656376135043 -3.029087624615058 1.0390464469727403 2.000041177642319
1.7592918860102844 1.015727643971162 -3.0591124985558995 1.0690702451396654 2.000042253416238
1.7278759594743864 0.9975896503288199 -3.088883481713831 1.0988400878116882 2.000043393902141
1.6964600329384885 0.9794516566864777 -3.118382487041012 1.128337883209349 2.000044603831659
1.6650441064025905 0.9613136630441355 -3.1475921787172654 1.1575462903191986 2.0000458883980694
1.6336281798666925 0.9431756694017933 -3.1764959268559534 1.1864486735451993 2.0000472533107527
1.6022122533307945 0.9250376757594511 -3.2050777660050596 1.2150290611477474 2.0000487048573135
1.5707963267948966 0.9068996821171089 -3.2333223571332472 1.2432721071585606 2.000050249974687
1.5393804002589986 0.8887616884747668 -3.261214952812169 1.2711630564814573 2.000051896330711
1.5079644737231006 0.8706236948324245 -3.2887413653281174 1.2986877129101435 2.0000536524179733
1.4765485471872026 0.8524857011900824 -3.315887937476496 1.325832409814374 2.0000555276621195
1.4451326206513047 0.8343477075477401 -3.342641515812127 1.352583983264934 2.000057532547198
1.4137166941154067 0.816209713905398 -3.3689894261469724 1.3789297473857953 2.000059678761177
1.3823007675795087 0.7980717202630557 -3.39491945110385 1.4048574717383449 2.0000619793655057
1.3508848410436112 0.7799337266207138 -3.420419809551048 1.430355360557788 2.00006444899326
1.3194689145077132 0.7617957329783716 -3.44547913775736 1.4554120336757 2.0000671040816593
1.2880529879718152 0.7436577393360294 -3.4700864721209412 1.4800165089750636 2.0000699631458785
1.2566370614359172 0.7255197456936872 -3.4942312333379317 1.5041581862351587 2.0000730471027803
1.2252211349000193 0.707381752051345 -3.517903211888507 1.5278268322331694 2.0000763796553382
1.1938052083641213 0.6892437584090028 -3.541092554728456 1.5510125669773467 2.0000799877511066
1.1623892818282235 0.6711057647666606 -3.5637897530843907 1.573705850952868 2.0000839021315233
1.1309733552923256 0.6529677711243184 -3.5859856312593537 1.5958974732660063 2.0000881579933463
1.0995574287564276 0.6348297774819762 -3.6076713363638038 1.61757854057453 2.000092795789274
1.0681415022205296 0.616691783839634 -3.628838328894417 1.63874046669215 2.0000978622022694
1.0367255756846316 0.5985537901972918 -3.6494783740898167 1.6593749627514731 2.000103411338341
1.0053096491487337 0.5804157965549496 -3.669583533998542 1.6794740278027882 2.0001095061957543
0.973893722612836 0.5622778029126076 -3.68914616020023 1.699029939713546 2.000116220486681
0.942477796076938 0.5441398092702654 -3.7081588871259736 1.7180352462141466 2.0001236409118235
0.9110618695410401 0.5260018156279233 -3.726614625928623 1.736482755906708 2.0001318700219097
0.8796459430051422 0.507863821985581 -3.744506558857967 1.7543655290113658 2.0001410298466027
0.8482300164692442 0.48972582834323886 -3.7618281340996287 1.7716768675633274 2.0001512665362973
0.8168140899333463 0.47158783470089666 -3.7785730610399284 1.7884103046851136 2.0001627563548205
0.7853981633974483 0.45344984105855446 -3.794735305922572 1.8045595924288753 2.0001757134937
0.7539822368615503 0.43531184741621226 -3.8103090878652783 1.8201186874932023 2.00019040037207
0.7225663103256523 0.41717385377387006 -3.8252888752079426 1.835081733835551 2.0002071413723947
0.6911503837897544 0.39903586013152786 -3.839669382165796 1.8494430407741618 2.0002263413916257
0.6597344572538565 0.38089786648918567 -3.8534455657634155 1.8631970545189183 2.0002485112444957
0.6283185307179585 0.36275987284684347 -3.866612623027828 1.8763383200502466 2.0002743029775827
0.5969026041820605 0.34462187920450127 -3.879165988420193 1.8888614286439922 2.000304559776199
0.5654866776461629 0.3264838855621593 -3.8911013314879344 1.9007609437100736 2.0003403877778654
0.5340707511102649 0.3083458919198171 -3.902414554720388 1.9120312932510461 2.0003832614693438
0.5026548245743669 0.2902078982774749 -3.9131017915925406 1.922666609844951 2.0004351817475845
0.471238898038469 0.2720699046351327 -3.92315940478293 1.932660486200833 2.0004989185820965
0.4398229715025711 0.2539319109927905 -3.9325839845529305 1.9420055915130947 2.0005783930398344
0.4084070449666731 0.23579391735044833 -3.941372347275664 1.950693052632217 2.0006792946434464
0.37699111843077515 0.21765592370810613 -3.9495215341041563 1.958711429338524 2.0008101047656273
0.3455751918948772 0.19951793006576393 -3.9570288097690014 1.9660449812639051 2.000983828505098
0.31415926535897926 0.18137993642342173 -3.9638916614970316 1.972670719230418 2.001220942266613
0.2827433388230813 0.16324194278107954 -3.970107798043006 1.9785535661510514 2.001554231891954
0.2513274122871833 0.14510394913873736 -3.9756751488275532 1.9836396389570987 2.002035509870452
0.21991148575128536 0.12696595549639517 -3.980591863174925 1.9878526421049716 2.00273922106995
0.18849555921538774 0.10882796185405316 -3.9848563096452145 1.9911142830267208 2.0037420266184944
0.1570796326794898 0.09068996821171098 -3.9884670754560956 1.9934182126897455 2.005048862766348
0.12566370614359185 0.07255197456936878 -3.991422965989855 1.9949045600120203 2.006518405977831
0.09424777960769387 0.05441398092702658 -3.9937230043822782 1.9958062077103664 2.007916796671913
0.06283185307179592 0.03627598728468439 -3.9953664311902473 1.9963277497797176 2.0090386814105257
0.03141592653589796 0.018137993642342195 -3.996352704135683 1.9965978983870865 2.0097548057485937
0.0 0.0 -3.9966814979239986 1.996681497923995 2.0099999999999993
